0,1,2,3,4,5
1645826400,38910.0,39017.3,38995.76,38950.79,18.83281706
1645826100,38956.03,39054.2,39032.75,38995.78,37.61830878
1645825800,39014.75,39064.45,39061.04,39036.5,24.93199493
1645825500,39023.02,39115.14,39067.71,39061.04,19.24886831
1645825200,39043.23,39095.43,39086.57,39067.74,30.14778245
1645824900,39007.6,39087.05,39015.08,39083.31,20.53084595
1645824600,39009.33,39161.14,39133.02,39014.75,28.93778682
1645824300,39089.8,39140.43,39108.06,39135.59,24.66095694
1645824000,39076.45,39157.4,39124.95,39108.06,26.50225393
1645823700,39106.36,39171.64,39153.42,39126.7,21.94279873
1645823400,39164.39,39235.62,39188.92,39164.39,33.59247589
1645823100,39041.92,39213.35,39041.94,39195.91,31.03592053
1645822800,39039.73,39166.34,39130.32,39039.73,38.84051139
1645822500,39097.93,39236.71,39224.67,39135.49,104.69494965
1645822200,38941.27,39269.38,38941.27,39224.67,169.0323284
1645821900,38866.59,38981.12,38893.06,38936.89,74.18220403
1645821600,38839.34,38966.1,38849.04,38893.07,83.09788018
1645821300,38744.71,38876.51,38778.14,38849.1,37.82367388
1645821000,38756.74,38877.37,38767.75,38778.15,62.6629151
1645820700,38751.82,38843.2,38818.15,38767.82,41.5302077
1645820400,38744.72,38889.86,38822.37,38830.3,52.86801587
1645820100,38794.7,38926.57,38833.93,38818.7,70.28599553
1645819800,38732.5,38843.95,38774.98,38833.92,84.52505788
1645819500,38628.16,38775.75,38705.29,38775.75,139.1997874
1645819200,38627.08,38746.52,38698.85,38705.29,114.39153419
1645818900,38680.59,38767.5,38687.68,38699.34,69.4461351
1645818600,38622.99,38786.4,38779.31,38687.68,79.3369467
1645818300,38759.54,38877.65,38789.24,38779.31,74.26961825
1645818000,38703.87,38840.63,38782.96,38789.24,89.98808057
1645817700,38712.25,38797.9,38732.02,38782.96,76.19512814
1645817400,38705.5,38949.79,38862.21,38730.0,57.82552347
1645817100,38848.39,38976.14,38972.69,38862.2,62.24710887
1645816800,38765.01,38987.57,38785.89,38972.68,70.72505915
1645816500,38688.01,38816.12,38693.11,38785.89,48.13545738
1645816200,38550.01,38745.78,38624.7,38693.12,59.32727025
1645815900,38558.9,38711.79,38698.24,38624.84,70.09744296
1645815600,38600.1,38756.36,38673.35,38691.32,91.75395756
1645815300,38562.35,38688.77,38686.32,38670.26,79.53848438
1645815000,38679.26,38774.6,38742.84,38687.06,72.77411151
1645814700,38726.01,38874.29,38858.63,38740.22,39.11690934
1645814400,38780.03,38874.68,38797.52,38858.65,42.17322489
1645814100,38740.03,38879.1,38865.25,38797.52,52.04968768
1645813800,38791.8,38895.57,38793.87,38866.92,80.33432868
1645813500,38740.01,38866.02,38790.99,38795.57,63.65526389
1645813200,38741.24,38850.0,38794.0,38790.99,75.34125756
1645812900,38641.97,38812.45,38649.65,38790.03,104.53352334
1645812600,38565.84,38729.43,38622.8,38649.27,111.24747854
1645812300,38555.05,38981.84,38958.18,38618.31,122.04807813
1645812000,38802.0,39068.43,38995.62,38955.88,141.24486169
1645811700,38900.0,39028.66,38926.73,38995.62,96.36778095
1645811400,38911.81,39044.16,39029.96,38926.73,106.98686304
1645811100,39026.37,39187.87,39156.81,39029.45,45.55060636
1645810800,39115.71,39219.07,39169.98,39159.32,39.90290378
1645810500,39139.84,39197.94,39193.68,39172.23,57.40474635
1645810200,39165.94,39281.96,39165.94,39195.84,72.24546278
1645809900,39099.21,39189.96,39113.77,39168.18,61.96980993
1645809600,39089.72,39193.22,39178.34,39113.76,66.22540676
1645809300,38914.53,39235.01,39027.26,39178.73,129.12197555
1645809000,38986.95,39243.08,39198.03,39025.18,150.23630341
1645808700,39183.98,39303.88,39299.74,39198.04,84.82731822
1645808400,39292.25,39420.93,39404.05,39300.92,93.62269235
1645808100,39332.76,39430.24,39348.0,39404.11,79.52644669
1645807800,39292.79,39393.73,39315.95,39348.0,122.57629569
1645807500,39253.75,39338.49,39253.75,39315.95,86.73138005
1645807200,39220.11,39358.76,39338.72,39252.43,65.08410945
1645806900,39276.98,39395.59,39357.35,39345.77,57.28893525
1645806600,39231.36,39373.73,39337.87,39355.5,69.84765652
1645806300,39311.74,39391.42,39359.52,39339.81,47.15917132
1645806000,39340.0,39512.56,39507.28,39359.52,73.50202473
1645805700,39354.04,39524.41,39471.48,39507.27,75.95095215
1645805400,39407.56,39570.23,39465.78,39475.58,104.19972948
1645805100,39431.77,39606.67,39600.0,39466.93,213.6075067
1645804800,39362.25,39639.37,39477.07,39599.99,331.09158244
1645804500,39365.38,39627.88,39376.64,39472.53,368.0627229
1645804200,39312.46,39460.0,39425.72,39376.97,195.41072179
1645803900,39361.89,39458.77,39390.71,39422.72,182.31750612
1645803600,39132.23,39393.91,39135.51,39393.91,172.05625051
1645803300,39107.71,39341.99,39323.68,39133.82,98.06462837
1645803000,39252.79,39425.0,39362.38,39326.56,190.11404387
1645802700,39248.4,39427.71,39271.98,39364.11,163.03377305
1645802400,39130.33,39399.99,39256.46,39271.98,244.13650159
1645802100,38853.79,39302.86,38906.97,39256.47,282.65787174
1645801800,38859.27,39033.06,38898.42,38904.69,198.14799206
1645801500,38723.16,38949.95,38801.15,38898.43,300.00745716
1645801200,38751.0,39071.29,39030.3,38798.26,346.87591543999997
1645800900,38959.18,39318.96,39302.75,39030.3,164.43464176
1645800600,39169.87,39379.2,39315.56,39296.23,115.91154162
1645800300,39125.49,39344.76,39130.62,39318.03,159.45835611
1645800000,39081.52,39335.1,39210.13,39134.06,103.74810741
1645799700,39146.24,39467.48,39371.95,39214.93,129.07558708
1645799400,39039.99,39494.95,39273.85,39371.96,187.59897781
1645799100,39189.79,39299.31,39215.68,39272.17,60.82811825
1645798800,39092.92,39221.38,39116.31,39215.68,126.19514838
1645798500,39105.85,39291.75,39285.26,39116.72,187.14747875
1645798200,39220.48,39313.29,39273.35,39285.26,69.51966047
1645797900,39205.55,39315.97,39301.32,39273.36,52.09231404
1645797600,39182.06,39408.01,39392.41,39301.31,133.30401606
1645797300,39279.38,39403.12,39314.1,39388.54,79.82224475
1645797000,39301.86,39478.0,39457.92,39315.61,89.07493772
1645796700,39402.95,39544.98,39525.84,39457.11,93.83883193
1645796400,39486.33,39703.45,39636.7,39522.26,145.91234815
1645796100,39548.32,39716.0,39658.86,39639.81,121.40867266
1645795800,39323.57,39680.84,39376.69,39662.78,191.66190412
1645795500,39306.09,39442.97,39414.06,39374.52,109.45959887
1645795200,39338.96,39469.3,39358.89,39414.06,71.28186686
1645794900,39284.28,39379.46,39368.64,39365.48,66.8384101
1645794600,39333.61,39450.0,39437.32,39368.63,61.67663852
1645794300,39270.47,39496.88,39275.89,39437.32,111.92800823
1645794000,39253.78,39428.41,39385.79,39277.86,154.56165883
1645793700,39299.0,39525.0,39313.38,39384.13,154.41790945
1645793400,38892.2,39409.74,38899.6,39313.38,255.96745969
1645793100,38871.09,38945.93,38941.15,38903.31,26.21603273
1645792800,38851.32,38962.05,38879.09,38941.16,28.57106829
1645792500,38770.01,38897.66,38895.04,38879.1,28.92539462
1645792200,38798.35,38914.15,38847.11,38895.03,43.07439732
1645791900,38823.66,38920.84,38850.95,38847.12,41.23013479
1645791600,38824.9,38927.65,38872.06,38857.87,68.01025124
1645791300,38860.77,39066.29,38932.72,38872.06,44.69724415
1645791000,38916.51,39158.25,39095.31,38935.95,79.41989986
1645790700,38813.66,39160.0,38902.55,39095.31,112.09940117
1645790400,38752.94,38994.99,38754.58,38904.18,96.22872185
1645790100,38695.61,38832.95,38710.32,38752.94,70.33087388
1645789800,38675.89,38726.28,38678.43,38707.49,30.13885006
1645789500,38580.5,38778.57,38669.14,38681.17,75.86861701
1645789200,38482.31,38861.2,38849.69,38661.92,61.01652753
1645788900,38656.65,38886.86,38694.28,38849.69,56.30290215
1645788600,38522.71,38719.6,38595.19,38689.75,35.56251204
1645788300,38521.08,38666.41,38591.28,38599.9,49.95401686
1645788000,38425.2,38620.68,38425.25,38582.91,43.21763183
1645787700,38363.43,38504.6,38467.93,38424.27,40.50335229
1645787400,38406.6,38488.36,38428.58,38467.94,30.92790569
1645787100,38393.09,38497.75,38497.75,38430.95,31.79257774
1645786800,38484.28,38606.24,38596.03,38497.4,25.76142279
1645786500,38513.89,38602.82,38594.43,38602.28,23.83251451
1645786200,38581.95,38622.09,38599.19,38594.43,12.24328932
1645785900,38468.52,38608.57,38569.64,38603.36,43.08823704
1645785600,38556.26,38632.21,38622.3,38569.65,16.3142838
1645785300,38605.05,38653.0,38648.46,38626.0,25.80745772
1645785000,38634.7,38719.21,38651.64,38649.26,35.15749252
1645784700,38572.76,38666.0,38638.16,38651.64,19.86127887
1645784400,38567.18,38686.97,38614.73,38636.65,31.90383577
1645784100,38544.4,38683.45,38678.21,38613.63,33.81728583
1645783800,38553.08,38693.0,38578.19,38672.08,30.2240101
1645783500,38547.33,38657.43,38595.15,38578.49,30.72822073
1645783200,38566.98,38806.14,38688.85,38594.53,90.15077062
1645782900,38310.29,38772.67,38312.27,38692.78,147.77194061
1645782600,38284.93,38390.31,38313.39,38312.27,43.81056213
1645782300,38235.9,38366.82,38262.32,38317.88,40.76222246
1645782000,38188.93,38301.8,38249.41,38264.24,36.87507703
1645781700,38157.73,38268.7,38163.13,38252.95,35.96899387
1645781400,38049.29,38252.45,38081.15,38168.04,68.25063621
1645781100,38016.44,38163.34,38163.34,38081.16,121.29820075
1645780800,38155.11,38325.13,38271.62,38164.07,42.80074031
1645780500,38249.42,38319.5,38249.94,38272.59,36.90474949
1645780200,38223.01,38307.37,38292.27,38249.97,36.91292022
1645779900,38284.68,38375.04,38350.09,38292.28,33.65164017
1645779600,38334.44,38475.04,38365.85,38346.96,49.95180257
1645779300,38366.15,38469.24,38417.21,38366.15,38.30882618
1645779000,38352.9,38463.56,38369.15,38417.21,32.20780492
1645778700,38303.12,38416.21,38344.27,38371.54,39.03087535
1645778400,38280.51,38368.71,38331.2,38344.27,41.7493931
1645778100,38300.1,38395.42,38384.5,38322.3,51.00784788
1645777800,38324.42,38411.1,38336.3,38385.76,51.63856659
1645777500,38204.22,38342.45,38269.64,38336.32,64.98380227
1645777200,38206.09,38357.3,38352.78,38271.21,96.07896901
1645776900,38192.43,38373.95,38254.57,38352.78,83.08693258
1645776600,38180.0,38393.06,38362.05,38255.79,74.66440789
1645776300,38352.58,38538.4,38513.35,38363.89,60.17436154
1645776000,38400.0,38541.57,38495.25,38512.24,80.73326238
1645775700,38401.13,38557.01,38556.81,38496.7,64.18847039
1645775400,38522.7,38620.48,38579.41,38556.34,67.64587548
1645775100,38573.46,38660.43,38588.65,38579.42,40.05353309
1645774800,38507.13,38606.26,38509.54,38586.81,37.09069154
1645774500,38491.19,38583.51,38525.54,38509.54,32.83261448
1645774200,38485.36,38582.9,38555.76,38525.54,37.81742228
1645773900,38531.08,38601.21,38582.85,38555.77,27.14015838
1645773600,38537.09,38651.25,38606.11,38583.5,32.41283788
1645773300,38564.9,38629.04,38610.99,38606.11,34.49962819
1645773000,38592.22,38666.79,38606.26,38611.0,34.38608584
1645772700,38572.95,38760.16,38760.15,38606.26,52.03838695
1645772400,38675.37,38833.12,38723.32,38760.04,31.29192408
1645772100,38697.78,38775.0,38710.98,38726.02,27.88190775
1645771800,38645.21,38712.73,38657.4,38711.63,16.76036659
1645771500,38629.39,38710.01,38663.87,38657.4,16.78139003
1645771200,38613.69,38724.71,38639.32,38659.98,24.57791576
1645770900,38531.17,38651.37,38531.17,38637.4,26.25199979
1645770600,38519.67,38600.85,38588.34,38534.55,18.04060042
1645770300,38571.03,38643.48,38640.88,38588.35,15.93767306
1645770000,38603.88,38717.33,38669.71,38639.81,38.02544357
1645769700,38571.87,38684.75,38650.2,38669.72,55.95237529
1645769400,38502.15,38653.28,38506.74,38650.2,121.6798002
1645769100,38389.84,38507.82,38443.6,38507.82,24.44556322
1645768800,38397.36,38499.62,38466.68,38436.17,43.30153903
1645768500,38440.39,38516.36,38502.77,38463.66,32.8680414
1645768200,38483.69,38588.24,38587.39,38503.17,17.84542992
1645767900,38558.51,38600.0,38570.82,38587.4,22.77329705
1645767600,38546.66,38599.35,38552.23,38572.41,31.38061706
1645767300,38521.28,38595.54,38528.64,38551.32,32.63991173
1645767000,38475.9,38570.46,38515.4,38528.64,35.85918083
1645766700,38486.61,38597.52,38561.4,38516.82,23.73776262
1645766400,38488.76,38585.37,38512.95,38561.44,36.0107972
1645766100,38347.12,38561.24,38351.89,38517.4,63.98829361
1645765800,38330.25,38467.29,38340.85,38351.86,64.32216482
1645765500,38315.0,38656.82,38656.82,38346.0,92.27060487
1645765200,38650.02,38793.93,38742.7,38655.48,22.86226754
1645764900,38726.07,38821.73,38797.27,38742.71,19.22604932
1645764600,38744.32,38799.51,38759.37,38799.51,31.58832786
1645764300,38691.15,38811.41,38737.45,38755.03,47.4889596
1645764000,38664.63,38755.56,38701.12,38737.46,35.78542824
1645763700,38678.1,38760.29,38742.8,38699.35,34.96770369
1645763400,38738.23,38837.89,38821.38,38742.81,16.10490576
1645763100,38777.73,38835.72,38777.73,38817.0,15.3977226
1645762800,38772.89,38821.5,38779.96,38777.73,30.2352318
1645762500,38771.56,38894.68,38851.61,38780.28,44.96292232
1645762200,38814.67,38869.86,38852.84,38851.39,46.95002801
1645761900,38840.62,38956.89,38923.86,38854.62,64.54487451
1645761600,38876.94,38958.77,38943.82,38923.86,46.66829025
1645761300,38881.8,39029.04,38940.94,38943.82,150.20822095
1645761000,38830.33,38981.11,38844.49,38950.76,52.69568217
1645760700,38766.63,38857.63,38833.74,38845.57,30.92368758
1645760400,38677.77,38923.64,38680.39,38836.63,74.80343427
1645760100,38573.96,38698.71,38592.18,38680.4,40.49196941
1645759800,38532.41,38611.59,38559.75,38592.18,188.89459331
1645759500,38520.35,38575.0,38543.17,38559.76,170.58250455
1645759200,38525.92,38652.17,38626.03,38543.11,182.84851337999999
1645758900,38622.49,38775.53,38771.56,38633.35,57.48783875
1645758600,38757.05,38849.95,38757.35,38771.95,45.55702346
1645758300,38720.4,38770.53,38731.89,38757.35,38.92884882
1645758000,38726.05,38821.57,38820.53,38731.89,45.11633542
1645757700,38745.8,38842.77,38789.01,38823.43,40.30589096
1645757400,38779.14,38848.9,38789.94,38789.01,50.50682933
1645757100,38688.61,38800.35,38738.7,38789.94,29.98974292
1645756800,38702.36,38817.19,38756.8,38738.71,51.22687394
1645756500,38659.36,38765.77,38710.17,38756.81,29.93840938
1645756200,38656.27,38746.22,38717.82,38706.91,52.36592434
1645755900,38629.52,38746.57,38677.58,38717.84,66.75211872
1645755600,38633.46,38730.0,38656.66,38676.77,46.2528254
1645755300,38524.98,38676.55,38590.67,38656.66,62.22678938
1645755000,38488.45,38589.97,38553.45,38588.64,30.2064995
1645754700,38533.35,38674.67,38643.68,38553.45,33.25327923
1645754400,38561.64,38712.73,38582.62,38647.72,62.70889034
1645754100,38456.08,38599.99,38515.4,38582.63,78.18994556
1645753800,38434.77,38536.18,38440.7,38510.99,40.75457913
1645753500,38418.29,38527.08,38462.41,38440.71,48.9415513
1645753200,38398.31,38515.6,38462.94,38460.26,38.50807694
1645752900,38462.93,38572.04,38494.88,38462.94,37.06875989
1645752600,38472.56,38712.19,38653.99,38495.92,83.02062425
1645752300,38556.88,38798.76,38755.83,38657.73,134.5688299
1645752000,38479.21,38940.0,38479.21,38755.83,162.63405332
1645751700,38362.16,38494.72,38381.43,38483.38,52.08805228
1645751400,38295.48,38408.0,38345.54,38380.06,37.37199606
1645751100,38279.18,38378.98,38279.18,38341.27,53.63853879
1645750800,38164.05,38319.63,38244.88,38279.18,68.031789
1645750500,38227.13,38331.54,38281.61,38245.54,52.29599391
1645750200,38260.24,38450.0,38404.63,38285.87,60.91200187
1645749900,38401.35,38479.99,38453.41,38408.94,44.37849716
1645749600,38400.0,38532.14,38509.34,38457.17,61.48949951
1645749300,38486.52,38624.99,38605.66,38509.34,45.41724507
1645749000,38585.25,38699.51,38699.51,38602.88,56.35799925
1645748700,38581.54,38800.0,38581.61,38697.0,120.77698334
1645748400,38439.06,38594.56,38483.94,38581.97,81.9827062
1645748100,38413.38,38527.44,38510.72,38486.09,30.82635974
1645747800,38408.68,38601.56,38521.35,38510.71,67.18293989
1645747500,38298.6,38553.18,38305.51,38521.35,86.26188427
1645747200,38267.64,38401.01,38347.3,38302.36,43.95256271
1645746900,38287.6,38409.36,38287.65,38347.3,37.49076627
1645746600,38276.69,38350.5,38346.01,38287.64,16.84511317
1645746300,38289.88,38399.53,38351.62,38346.01,38.09663262
1645746000,38291.41,38358.02,38333.45,38351.33,22.7441195
1645745700,38223.6,38364.73,38227.03,38333.44,30.02401622
1645745400,38122.43,38297.73,38230.35,38220.5,42.5863537
1645745100,38140.17,38236.37,38169.85,38229.85,39.86332488
1645744800,38147.1,38248.0,38210.95,38169.85,33.44713769
1645744500,38180.72,38407.13,38263.91,38210.95,70.40799338
1645744200,38078.93,38300.0,38078.93,38261.63,67.76064226
1645743900,38043.11,38106.7,38058.96,38078.93,73.00688609
1645743600,37872.26,38062.12,37879.01,38062.12,61.67682261
1645743300,37764.7,37895.75,37857.23,37879.01,54.72583341
1645743000,37859.94,38024.25,37987.87,37859.94,30.00837207
1645742700,37901.18,38080.75,37944.26,37987.86,49.11364098
1645742400,37866.09,38028.0,38017.34,37944.26,81.1423452
1645742100,37967.9,38211.34,38155.01,38017.34,274.54483242
1645741800,38155.0,38306.95,38244.45,38155.02,81.04187272
1645741500,38244.45,38455.67,38392.59,38244.45,49.39988632
1645741200,38338.44,38496.24,38371.48,38392.6,28.01311089
1645740900,38357.2,38476.0,38448.44,38371.47,11.09731851
1645740600,38300.96,38448.44,38353.8,38448.43,45.71298375
1645740300,38288.17,38396.56,38312.22,38353.8,30.68435309
1645740000,38314.1,38476.47,38415.02,38314.1,31.26947788
1645739700,38365.01,38547.46,38499.52,38430.64,65.23896238
1645739400,38304.22,38701.86,38317.65,38498.43,93.39092156
1645739100,38276.78,38464.59,38425.47,38314.1,64.0533428
1645738800,38356.95,38440.73,38356.95,38424.34,51.62936966
1645738500,38274.44,38406.48,38278.4,38356.95,43.86425106
1645738200,38176.67,38403.47,38387.39,38275.25,101.17708092
1645737900,38316.92,38456.42,38445.86,38389.19,145.90994014
1645737600,38346.77,38491.23,38484.03,38444.63,79.11096316
1645737300,38381.98,38500.0,38475.49,38484.04,68.51478948
1645737000,38250.0,38531.24,38428.58,38475.5,124.76805627
1645736700,38380.41,38495.84,38434.02,38421.7,89.17060971
