0,1,2,3,4,5
1646530500,1.5076,1.51,1.51,1.5078,5292.5
1646530440,1.5077,1.5099,1.5094,1.5099,20830.6
1646530380,1.5096,1.5110000000000001,1.5109,1.5099,4347.1
1646530320,1.5107,1.5112,1.5108000000000001,1.5110000000000001,1167.6
1646530260,1.5106000000000002,1.5127000000000002,1.5126,1.5107,1489.6
1646530200,1.5126,1.5152999999999999,1.5152999999999999,1.5128,1005.7
1646530140,1.5149,1.5161,1.5157,1.5156,3001.1
1646530080,1.5154,1.517,1.516,1.5163,11380.0
1646530020,1.5154,1.5167000000000002,1.5163,1.5157,10812.1
1646529960,1.514,1.5161,1.5142,1.5161,1760.0
1646529900,1.5144000000000002,1.5157,1.5156,1.5146000000000002,536.7
1646529840,1.5145,1.5157,1.5145,1.5152999999999999,4514.6
1646529780,1.5141,1.5148000000000001,1.5141,1.5145,2102.6
1646529720,1.5142,1.5148000000000001,1.5145,1.5148000000000001,18155.5
1646529660,1.5141,1.5148000000000001,1.5146000000000002,1.5145,8122.9
1646529600,1.5142,1.5146000000000002,1.5142,1.5146000000000002,805.8
1646529540,1.514,1.5148000000000001,1.5148000000000001,1.5146000000000002,9569.7
1646529480,1.514,1.5155,1.5155,1.5145,2152.6
1646529420,1.5143,1.5150000000000001,1.5144000000000002,1.5150000000000001,325.9
1646529360,1.5146000000000002,1.5152999999999999,1.5151,1.5146000000000002,541.3
1646529300,1.5139,1.5148000000000001,1.5145,1.5147,5639.4
1646529240,1.5137,1.5145,1.5141,1.5145,321.2
1646529180,1.5142,1.5149,1.5142,1.5142,3672.9
1646529120,1.5137,1.5162,1.5158,1.5145,12881.9
1646529060,1.5156,1.5169000000000001,1.5167000000000002,1.5157,5694.3
1646529000,1.517,1.5173,1.517,1.5171000000000001,187.5
1646528940,1.5169000000000001,1.5178,1.5171000000000001,1.517,1246.8
1646528880,1.5167000000000002,1.5176,1.517,1.5171000000000001,5025.1
1646528820,1.5151,1.5171999999999999,1.5165000000000002,1.5171999999999999,3566.9
1646528760,1.5166,1.5182,1.5182,1.5168,7972.7
1646528700,1.5173999999999999,1.5184,1.5173999999999999,1.5182,18724.0
1646528640,1.5171000000000001,1.5184,1.5173999999999999,1.5171999999999999,5665.9
1646528580,1.5161,1.5173999999999999,1.5164,1.5171000000000001,93.9
1646528520,1.5152999999999999,1.5166,1.5163,1.516,5566.3
1646528460,1.5151,1.5165000000000002,1.5165000000000002,1.516,2649.0
1646528400,1.5166,1.5192,1.5175,1.5171999999999999,17650.0
1646528340,1.5167000000000002,1.5191,1.5168,1.5171000000000001,23451.7
1646528280,1.5157,1.5171999999999999,1.5163,1.5171999999999999,2678.1
1646528220,1.516,1.5165000000000002,1.516,1.5165000000000002,1545.6
1646528160,1.5155,1.5165000000000002,1.5157,1.516,1543.8
1646528100,1.5152999999999999,1.5159,1.5159,1.5159,4926.0
1646528040,1.5158,1.5165000000000002,1.5158,1.5165000000000002,1626.5
1646527980,1.5157,1.5163,1.516,1.5158,1308.9
1646527920,1.5155,1.5164,1.5156,1.5159,2224.0
1646527860,1.5152,1.5164,1.5152,1.5155,3075.7
1646527800,1.5146000000000002,1.5158,1.5158,1.5157,3505.8
1646527740,1.5143,1.5157,1.5143,1.5154,2388.8
1646527680,1.5135,1.5143,1.5135,1.5141,901.2
1646527620,1.5128,1.5134,1.513,1.5134,1918.1
1646527560,1.5125000000000002,1.5162,1.5159,1.5125000000000002,6718.6
1646527500,1.516,1.5167000000000002,1.5165000000000002,1.5163,241.1
1646527440,1.5150000000000001,1.5164,1.5152,1.5162,2135.4
1646527380,1.5152999999999999,1.5155,1.5155,1.5155,1134.5
1646527320,1.5149,1.5168,1.5168,1.5156,3003.4
1646527260,1.5148000000000001,1.5163,1.5161,1.5162,1411.4
1646527200,1.516,1.5175,1.5173,1.516,11287.3
1646527140,1.5159,1.5177,1.5159,1.5177,10592.2
1646527080,1.5149,1.5156,1.5152999999999999,1.5156,1901.5
1646527020,1.5134,1.5152999999999999,1.5136,1.5152999999999999,1883.5
1646526960,1.5131999999999999,1.5139,1.5134,1.5139,3142.6
1646526900,1.5127000000000002,1.5136,1.513,1.5135,936.3
1646526840,1.5122,1.5142,1.5122,1.5128,4640.1
1646526780,1.5112,1.5125000000000002,1.5118,1.5124,6205.4
1646526720,1.5114,1.5122,1.5117,1.5116,444.8
1646526660,1.51,1.5109,1.5103,1.5109,4510.1
1646526600,1.5105,1.5107,1.5107,1.5105,458.6
1646526540,1.5098,1.5106000000000002,1.5101,1.5106000000000002,824.6
1646526480,1.5098,1.5107,1.5102,1.51,1024.8
1646526420,1.5094,1.5103,1.5095,1.5099,8811.2
1646526360,1.5105,1.5129000000000001,1.5129000000000001,1.5105,720.8
1646526300,1.5127000000000002,1.5135,1.5135,1.5131999999999999,483.1
1646526240,1.5121,1.5136,1.5122,1.513,1282.9
1646526180,1.5115,1.5137,1.5137,1.5118,1582.7
1646526120,1.5117,1.5139,1.5125000000000002,1.5134,8799.8
1646526060,1.5121,1.5126,1.5121,1.5121,1061.6
1646526000,1.5127000000000002,1.5134,1.513,1.5127000000000002,4136.2
1646525940,1.5122,1.5131000000000001,1.5124,1.5129000000000001,3148.6
1646525880,1.5116,1.5128,1.5128,1.5127000000000002,6375.8
1646525820,1.5112,1.5136,1.5116,1.513,19347.1
1646525760,1.5118,1.5137,1.5137,1.5118,1649.0
1646525700,1.5125000000000002,1.5133,1.5131000000000001,1.5133,2389.1
1646525640,1.5119,1.5137,1.5135,1.5127000000000002,7709.8
1646525580,1.5114,1.5131999999999999,1.5121,1.5131999999999999,576.2
1646525520,1.5115,1.5123,1.5122,1.512,1189.6
1646525460,1.5106000000000002,1.5121,1.5110000000000001,1.5117,14643.5
1646525400,1.5098,1.5112,1.5105,1.5109,4598.5
1646525340,1.5099,1.5109,1.5109,1.5103,1834.8
1646525280,1.5102,1.5110000000000001,1.5108000000000001,1.5102,1377.5
1646525220,1.5091,1.5103,1.51,1.5103,7225.8
1646525160,1.5095,1.5104000000000002,1.5099,1.5095,3570.7
1646525100,1.5097,1.5109,1.5099,1.5101,4689.8
1646525040,1.5078,1.5101,1.5081,1.5101,12170.2
1646524980,1.508,1.5093,1.5088,1.508,1986.8
1646524920,1.5058,1.5087000000000002,1.5058,1.5079,5800.7
1646524860,1.5054,1.508,1.508,1.5056,3493.1
1646524800,1.5064000000000002,1.5087000000000002,1.5083,1.5081,18422.0
1646524740,1.5083,1.5091999999999999,1.5086,1.5091999999999999,4265.8
1646524680,1.5074,1.5088,1.5074,1.5088,5997.2
1646524620,1.5075,1.5083,1.5075,1.5079,814.6
1646524560,1.5075,1.5084,1.5082,1.5075,2256.9
1646524500,1.5072,1.5106000000000002,1.51,1.508,30753.9
1646524440,1.5096,1.5101,1.5101,1.51,16695.0
1646524380,1.5097,1.5106000000000002,1.5103,1.5103,14872.7
1646524320,1.5098,1.5104000000000002,1.5104000000000002,1.5102,830.4
1646524260,1.5096,1.5104000000000002,1.5096,1.5104000000000002,2798.6
1646524200,1.5083,1.5096,1.5083,1.5096,987.4
1646524140,1.5075,1.5086,1.5075,1.5084,626.2
1646524080,1.5077,1.5084,1.5082,1.5083,466.2
1646524020,1.5065,1.508,1.5065,1.508,2545.5
1646523960,1.506,1.5075,1.5070000000000001,1.5062,5512.0
1646523900,1.5041,1.5072999999999999,1.5046,1.5068000000000001,14252.8
1646523840,1.5044,1.5055,1.5046,1.5051999999999999,4004.7
1646523780,1.5038,1.5046,1.5038,1.5043,3341.7
1646523720,1.5036,1.5053,1.5053,1.5042,14803.6
1646523660,1.5051,1.5058,1.5051,1.5058,1164.8
1646523600,1.504,1.505,1.504,1.5045000000000002,7514.3
1646523540,1.5034,1.5045000000000002,1.5035,1.5037,1034.6
1646523480,1.5034,1.5043,1.5043,1.5035,4069.6
1646523420,1.5037,1.5046,1.5041,1.5046,5458.1
1646523360,1.5032,1.5043,1.5037,1.5037,2224.5
1646523300,1.5039,1.5043,1.5043,1.5039,423.7
1646523240,1.5034,1.5051999999999999,1.5051999999999999,1.5041,1612.3
1646523180,1.5044,1.5057,1.5057,1.505,5123.2
1646523120,1.5051999999999999,1.5066000000000002,1.5066000000000002,1.5055,3719.9
1646523060,1.5044,1.5064000000000002,1.5044,1.5054,1027.3
1646523000,1.5035,1.5047000000000001,1.5045000000000002,1.5042,6934.3
1646522940,1.5046,1.5066000000000002,1.5046,1.5053,3283.0
1646522880,1.5039,1.5047000000000001,1.5047000000000001,1.5042,1571.6
1646522820,1.5039,1.5063,1.506,1.5045000000000002,21295.6
1646522760,1.5057,1.5072,1.5063,1.5061,3369.0
1646522700,1.506,1.5079,1.5072,1.5062,15285.6
1646522640,1.5066000000000002,1.5089000000000001,1.5084,1.5076,10065.1
1646522580,1.5075,1.5085000000000002,1.5075,1.5085000000000002,374.7
1646522520,1.5076,1.5084,1.5079,1.5077,780.5
1646522460,1.5074,1.5087000000000002,1.5079,1.5079,1497.7
1646522400,1.5070999999999999,1.5085000000000002,1.5083,1.5077,1493.0
1646522340,1.5077,1.5102,1.5102,1.508,7876.7
1646522280,1.5089000000000001,1.5103,1.5093,1.5101,2483.9
1646522220,1.5067,1.5097,1.5067,1.5094,1357.7
1646522160,1.5070000000000001,1.5082,1.5081,1.5075,2843.0
1646522100,1.5077,1.5098,1.5095,1.508,24784.7
1646522040,1.5097,1.5115,1.5102,1.5102,1665.6
1646521980,1.51,1.5108000000000001,1.5107,1.51,3184.4
1646521920,1.5093,1.5105,1.5093,1.5105,1775.6
1646521860,1.5105,1.5110000000000001,1.5107,1.5105,4589.1
1646521800,1.5082,1.5110000000000001,1.5110000000000001,1.5108000000000001,22475.4
1646521740,1.5081,1.5110999999999999,1.5083,1.5110999999999999,11574.2
1646521680,1.5075,1.5085000000000002,1.5075,1.5084,10087.5
1646521620,1.5066000000000002,1.5084,1.5084,1.5075,1256.7
1646521560,1.5063,1.5083,1.5063,1.5078,1705.1
1646521500,1.505,1.5083,1.5056,1.5065,3349.4
1646521440,1.5048,1.5075,1.5048,1.5051,28000.4
1646521380,1.5044,1.5053,1.5051,1.5044,1707.0
1646521320,1.5041,1.5068000000000001,1.5066000000000002,1.5046,6058.6
1646521260,1.506,1.5077,1.5074,1.5070999999999999,12525.0
1646521200,1.5085000000000002,1.5134,1.513,1.5095,22098.2
1646521140,1.5127000000000002,1.513,1.5129000000000001,1.5127000000000002,5370.8
1646521080,1.5126,1.5128,1.5127000000000002,1.5127000000000002,1663.8
1646521020,1.5121,1.513,1.5124,1.5121,6177.5
1646520960,1.5122,1.5127000000000002,1.5122,1.5126,2837.3
1646520900,1.5116,1.5125000000000002,1.5118,1.5123,1250.8
1646520840,1.5117,1.5122,1.512,1.5119,3516.9
1646520780,1.5116,1.512,1.5117,1.5116,528.7
1646520720,1.5115,1.5123,1.5121,1.5115,2875.1
1646520660,1.5103,1.5122,1.5105,1.512,11011.5
1646520600,1.51,1.5107,1.51,1.5107,1672.1
1646520540,1.5097,1.5103,1.5099,1.5103,2522.7
1646520480,1.5099,1.5104000000000002,1.5104000000000002,1.5099,1080.9
1646520420,1.5091,1.5104000000000002,1.5091,1.5104000000000002,3172.3
1646520360,1.5074,1.5091,1.5076,1.5091,9929.4
1646520300,1.5075,1.5083,1.5078,1.5081,4563.0
1646520240,1.5075,1.5081,1.5079,1.5081,1249.1
1646520180,1.5075,1.5081,1.5077,1.5079,1128.1
1646520120,1.5070999999999999,1.5078,1.5074,1.5078,413.2
1646520060,1.5074,1.5077,1.5077,1.5076,211.6
1646520000,1.5074,1.5078,1.5077,1.5077,89.0
1646519940,1.5076,1.5084,1.508,1.5079,1072.5
1646519880,1.5078,1.5081,1.5081,1.508,608.8
1646519820,1.5078,1.5089000000000001,1.5089000000000001,1.5083,1937.8
1646519760,1.5087000000000002,1.509,1.509,1.5088,1356.5
1646519700,1.5083,1.5091,1.5085000000000002,1.5089000000000001,1191.8
1646519640,1.5074,1.5085000000000002,1.5074,1.5082,1340.0
1646519580,1.5066000000000002,1.5072999999999999,1.5067,1.5069,1404.1
1646519520,1.5067,1.5076,1.5075,1.5070000000000001,662.4
1646519460,1.5062,1.5075,1.5070000000000001,1.5075,1892.9
1646519400,1.506,1.5075,1.5066000000000002,1.5066000000000002,8689.8
1646519340,1.5068000000000001,1.5077,1.5077,1.5070000000000001,1721.0
1646519280,1.5076,1.5084,1.5076,1.5076,8210.9
1646519220,1.5070999999999999,1.5093,1.509,1.5070999999999999,10933.5
1646519160,1.5089000000000001,1.5095,1.5095,1.5089000000000001,630.0
1646519100,1.5064000000000002,1.5094,1.5067,1.5094,12609.5
1646519040,1.5068000000000001,1.5075,1.5070999999999999,1.5072,921.1
1646518980,1.5069,1.5077,1.5074,1.5072999999999999,9856.8
1646518920,1.5068000000000001,1.5076,1.5069,1.5072999999999999,3325.5
1646518860,1.5043,1.5066000000000002,1.5043,1.506,486.5
1646518800,1.5042,1.5053,1.5051999999999999,1.5048,3778.6
1646518740,1.505,1.506,1.5058,1.5051999999999999,443.7
1646518680,1.5067,1.5085000000000002,1.5074,1.5067,13307.2
1646518620,1.5053,1.5075,1.5053,1.5075,1757.4
1646518560,1.5047000000000001,1.5059,1.5049000000000001,1.5058,901.9
1646518500,1.5042,1.5051,1.5042,1.5049000000000001,2153.7
1646518440,1.5036,1.5051999999999999,1.5044,1.5037,2917.4
1646518380,1.5044,1.506,1.5048,1.5044,14683.3
1646518320,1.5037,1.505,1.5039,1.5044,3886.2
1646518260,1.5035,1.504,1.5037,1.5036,505.9
1646518200,1.5027,1.5046,1.5044,1.5027,6426.3
1646518140,1.5035,1.5051,1.504,1.5038,12956.6
1646518080,1.5036,1.5047000000000001,1.5036,1.5046,4407.7
1646518020,1.5032,1.5043,1.5043,1.5032999999999999,5594.0
1646517960,1.5025,1.5044,1.5025,1.5041,2821.5
1646517900,1.5008,1.5029,1.5016,1.5025,12701.4
1646517840,1.5016,1.5035,1.5034,1.502,15571.3
1646517780,1.5030000000000001,1.5041,1.5032999999999999,1.5034,1827.3
1646517720,1.502,1.5039,1.5024000000000002,1.5039,5025.4
1646517660,1.5029,1.506,1.5058,1.5029,8357.4
1646517600,1.5057,1.5072999999999999,1.5064000000000002,1.5058,8910.2
1646517540,1.504,1.5074,1.5072999999999999,1.5057,17996.7
1646517480,1.5043,1.5088,1.5086,1.5069,25131.6
1646517420,1.509,1.51,1.5098,1.5094,8172.8
1646517360,1.5091999999999999,1.5105,1.5101,1.5097,114638.1
1646517300,1.5105,1.5116,1.5112999999999999,1.5105,5278.8
1646517240,1.5106000000000002,1.5112,1.5106000000000002,1.5112,3001.6
1646517180,1.5104000000000002,1.5108000000000001,1.5107,1.5105,1997.5
1646517120,1.51,1.5112,1.5109,1.5108000000000001,3669.4
1646517060,1.5107,1.5125000000000002,1.5123,1.5107,121698.5
1646517000,1.512,1.5131999999999999,1.5131999999999999,1.5122,1949.9
1646516940,1.5126,1.5131999999999999,1.5131000000000001,1.5129000000000001,12895.3
1646516880,1.5134,1.5141,1.5139,1.5134,209.4
1646516820,1.513,1.5143,1.5135,1.5138,3759.3
1646516760,1.5131999999999999,1.514,1.5136,1.5137,2048.4
1646516700,1.5123,1.5136,1.5129000000000001,1.5133,2120.6
1646516640,1.5123,1.5131999999999999,1.5123,1.5127000000000002,918.0
1646516580,1.5123,1.5144000000000002,1.5125000000000002,1.5126,10776.6
1646516520,1.5116,1.5126,1.5116,1.5121,14343.6
1646516460,1.5110000000000001,1.5142,1.5131000000000001,1.5116,55696.7
1646516400,1.5128,1.5134,1.5131000000000001,1.5131999999999999,232.2
1646516340,1.5123,1.5138,1.5137,1.5131000000000001,36230.7
1646516280,1.5131999999999999,1.5145,1.5141,1.5137,1056.5
1646516220,1.5139,1.5154,1.5152999999999999,1.5139,16844.1
1646516160,1.5142,1.5156,1.5149,1.5155,5873.1
1646516100,1.5147,1.5158,1.5150000000000001,1.5149,23794.0
1646516040,1.5144000000000002,1.5154,1.5149,1.5150000000000001,2739.9
1646515980,1.5142,1.5151,1.5147,1.5151,3099.0
1646515920,1.5131999999999999,1.5147,1.5138,1.5141,3014.3
1646515860,1.5133,1.5142,1.5136,1.5139,730.4
1646515800,1.5129000000000001,1.5141,1.5136,1.5138,3520.4
1646515740,1.5129000000000001,1.514,1.5129000000000001,1.5139,3698.2
1646515680,1.513,1.5138,1.5138,1.5133,1598.6
1646515620,1.5125000000000002,1.5137,1.5131000000000001,1.5135,1180.4
1646515560,1.5127000000000002,1.5139,1.5128,1.5133,4963.6
1646515500,1.5118,1.5136,1.5118,1.5131000000000001,5093.8
1646515440,1.5103,1.5119,1.5114,1.5116,2127.5
1646515380,1.5109,1.512,1.5116,1.5109,6579.6
1646515320,1.5109,1.5116,1.5109,1.5115,5299.7
1646515260,1.5109,1.5122,1.5116,1.5109,4022.0
1646515200,1.5106000000000002,1.5117,1.5109,1.5110000000000001,6085.2
1646515140,1.5096,1.5121,1.5119,1.5112999999999999,18143.7
1646515080,1.5106000000000002,1.5117,1.5109,1.5115,16560.0
1646515020,1.5104000000000002,1.5114,1.5104000000000002,1.5110999999999999,4510.9
1646514960,1.5095,1.5104000000000002,1.5103,1.5102,2308.3
1646514900,1.5096,1.5109,1.51,1.5103,286.9
1646514840,1.51,1.5108000000000001,1.5103,1.5108000000000001,5480.3
1646514780,1.5098,1.5110999999999999,1.5098,1.5104000000000002,9646.4
1646514720,1.5099,1.5110999999999999,1.5107,1.5102,6130.7
1646514660,1.5101,1.5110000000000001,1.5107,1.5104000000000002,393.2
1646514600,1.51,1.5110000000000001,1.5103,1.5102,3749.2
1646514540,1.5079,1.5115,1.5079,1.5112999999999999,6864.6
1646514480,1.5065,1.5077,1.5068000000000001,1.5077,7152.3
1646514420,1.5068000000000001,1.5078,1.5070999999999999,1.5070000000000001,3786.1
1646514360,1.5070000000000001,1.5097,1.5096,1.5077,14258.9
1646514300,1.5089000000000001,1.5098,1.5098,1.5093,1252.2
1646514240,1.51,1.5118,1.5118,1.5102,17613.1
1646514180,1.5117,1.5147,1.5133,1.5117,24033.7
1646514120,1.5126,1.5137,1.5128,1.5131999999999999,1483.8
1646514060,1.5118,1.5135,1.5127000000000002,1.513,8739.9
1646514000,1.5110000000000001,1.5135,1.5110000000000001,1.5125000000000002,5937.7
1646513940,1.5119,1.5142,1.5128,1.5119,10359.3
1646513880,1.5116,1.513,1.5121,1.5126,1899.1
1646513820,1.5110999999999999,1.512,1.5115,1.5116,4694.9
1646513760,1.5117,1.5131999999999999,1.5119,1.5117,20842.2
1646513700,1.5112999999999999,1.5126,1.5126,1.5117,3858.6
1646513640,1.5121,1.5134,1.5131000000000001,1.5126,2499.8
1646513580,1.5116,1.513,1.512,1.5123,2944.1
1646513520,1.5106000000000002,1.5127000000000002,1.5110000000000001,1.5121,2924.5
1646513460,1.5106000000000002,1.5121,1.5114,1.5115,16989.3
1646513400,1.5121,1.5133,1.5133,1.5122,7917.0
1646513340,1.5126,1.5139,1.513,1.5133,2827.9
1646513280,1.5128,1.5142,1.5142,1.5129000000000001,577.2
1646513220,1.5135,1.5149,1.514,1.5136,4209.5
1646513160,1.5134,1.5149,1.514,1.5144000000000002,13419.7
1646513100,1.5108000000000001,1.5142,1.5124,1.5142,7669.8
1646513040,1.5124,1.5144000000000002,1.5133,1.5124,4314.3
1646512980,1.5123,1.5143,1.5123,1.5136,2546.6
1646512920,1.5110999999999999,1.5143,1.5137,1.5117,10611.7
1646512860,1.513,1.514,1.513,1.5136,9975.8
1646512800,1.5123,1.5133,1.513,1.5123,5547.0
1646512740,1.5115,1.5131000000000001,1.5115,1.513,1172.2
1646512680,1.5105,1.5116,1.5110999999999999,1.5116,5277.3
1646512620,1.5103,1.5119,1.5112,1.5115,1672.2
1646512560,1.5093,1.5137,1.5103,1.5112999999999999,152949.0
