0,1,2,3,4,5
1646530200,1.5076,1.5152999999999999,1.5152999999999999,1.5078,34133.1
1646529300,1.5139,1.517,1.5145,1.5156,79420.2
1646528400,1.5137,1.5192,1.5175,1.5145,90918.4
1646527500,1.5125000000000002,1.5191,1.5165000000000002,1.5171000000000001,58053.9
1646526600,1.51,1.5177,1.5107,1.5162,53687.1
1646525700,1.5094,1.5139,1.5131000000000001,1.5106000000000002,61637.3
1646524800,1.5054,1.5137,1.5083,1.5127000000000002,89289.0
1646523900,1.5041,1.5106000000000002,1.5046,1.5091999999999999,103675.2
1646523000,1.5032,1.5066000000000002,1.5045000000000002,1.5051999999999999,62456.6
1646522100,1.5039,1.5103,1.5095,1.5053,98361.8
1646521200,1.5041,1.5134,1.513,1.5102,132052.2
1646520300,1.5074,1.513,1.5078,1.5127000000000002,58172.8
1646519400,1.506,1.5091,1.5066000000000002,1.5081,23247.6
1646518500,1.5042,1.5095,1.5042,1.5070000000000001,71037.3
1646517600,1.5008,1.5072999999999999,1.5064000000000002,1.5037,106591.9
1646516700,1.504,1.5143,1.5129000000000001,1.5057,324567.9
1646515800,1.5110000000000001,1.5158,1.5136,1.5127000000000002,178869.5
1646514900,1.5095,1.514,1.51,1.5139,82458.4
1646514000,1.5065,1.5147,1.5110000000000001,1.5108000000000001,116522.1
1646513100,1.5106000000000002,1.5149,1.5124,1.5119,103632.9
1646512200,1.5063,1.5144000000000002,1.5097,1.5124,242360.7
1646511300,1.5070999999999999,1.5138,1.5134,1.5096,188366.5
1646510400,1.5011,1.514,1.504,1.5124,208242.1
1646509500,1.4967000000000001,1.5053,1.4969000000000001,1.5034,130066.9
1646508600,1.4961,1.5006,1.5001,1.4972,62276.5
1646507700,1.4984,1.5032999999999999,1.5002,1.5002,76010.6
1646506800,1.4945,1.5006,1.4979,1.4999,68204.8
1646505900,1.492,1.4992,1.4924,1.498,84193.8
1646505000,1.4866000000000001,1.4929999999999999,1.4893,1.4925000000000002,33027.4
1646504100,1.4873,1.4924,1.4922,1.4893,86328.0
1646503200,1.4884,1.4989,1.4981,1.492,173335.7
1646502300,1.4955,1.5045000000000002,1.5038,1.4975,107631.0
1646501400,1.4988000000000001,1.5046,1.5025,1.5042,137039.3
1646500500,1.4992,1.5053,1.5038,1.5021,182565.0
1646499600,1.4915,1.5055,1.4923,1.5039,234013.8
1646498700,1.4895,1.5046,1.4995,1.4931,788101.3
1646497800,1.4851,1.5001,1.4879,1.4995,259783.3
1646496900,1.4806,1.4879,1.4813,1.4872,177501.1
1646496000,1.4765000000000001,1.4811,1.4781,1.4809999999999999,115214.2
1646495100,1.4758,1.4798,1.476,1.478,74809.8
1646494200,1.4745,1.4799,1.4761,1.4757,174747.5
1646493300,1.4725000000000001,1.4813,1.4808,1.4764,193363.3
1646492400,1.4766,1.482,1.4788000000000001,1.4806,78557.4
1646491500,1.4746000000000001,1.4806,1.4793,1.4782,97805.7
1646490600,1.4722,1.4816,1.4786000000000001,1.4791,180446.5
1646489700,1.4766,1.484,1.4773,1.4786000000000001,122235.8
1646488800,1.4684,1.4781,1.4738,1.478,130122.5
1646487900,1.4712,1.4781,1.4763,1.4738,157408.8
1646487000,1.4689,1.4826000000000001,1.4803,1.4759,271237.7
1646486100,1.4783,1.4839,1.4835,1.4803,217105.2
1646485200,1.4824,1.4956,1.4947,1.4826000000000001,282126.0
1646484300,1.4947,1.5023,1.4967000000000001,1.4947,115617.2
1646483400,1.4956,1.5048,1.4977,1.4969999999999999,117938.6
1646482500,1.4955,1.502,1.4962,1.4969999999999999,122934.1
1646481600,1.4919,1.5029,1.4922,1.4962,149846.5
1646480700,1.4881,1.4928,1.4902,1.4926,101978.5
1646479800,1.4886,1.4942,1.494,1.4906000000000001,101582.2
1646478900,1.4918,1.4988000000000001,1.4979,1.4939,106281.2
1646478000,1.4927000000000001,1.4993,1.4959,1.4981,160428.5
1646477100,1.4886,1.4961,1.4904,1.4961,123308.8
1646476200,1.4868999999999999,1.4922,1.4873,1.4901,95595.2
1646475300,1.4877,1.4999,1.4969999999999999,1.4882,163704.5
1646474400,1.4847000000000001,1.5024000000000002,1.5005000000000002,1.4965,163065.5
1646473500,1.4986000000000002,1.5011,1.5008,1.5005000000000002,35499.4
1646472600,1.498,1.5030000000000001,1.5028000000000001,1.5016,35458.7
1646471700,1.4979,1.5061,1.5005000000000002,1.5028000000000001,63754.2
1646470800,1.4973,1.5069,1.5051,1.5002,91355.7
1646469900,1.5042,1.509,1.5079,1.5051999999999999,129705.4
1646469000,1.4924,1.5078,1.4927000000000001,1.5078,104717.1
1646468100,1.4898,1.499,1.4965,1.4931,77968.7
1646467200,1.4963,1.5011999999999999,1.4987,1.4965,87309.3
1646466300,1.4969000000000001,1.5029,1.5009000000000001,1.4986000000000002,84543.2
1646465400,1.4925000000000002,1.5022,1.4954,1.5001,162707.8
1646464500,1.4853,1.4957,1.4868999999999999,1.4957,121031.4
1646463600,1.4802,1.4885000000000002,1.4825,1.4868999999999999,52787.3
1646462700,1.4792,1.4853,1.4846,1.4828000000000001,66902.8
1646461800,1.4841,1.4889000000000001,1.4872,1.4849999999999999,76680.5
1646460900,1.4841,1.4884,1.4847000000000001,1.4865,87925.9
1646460000,1.4777,1.4859,1.4813,1.4848,128127.2
1646459100,1.4732,1.4814,1.4733,1.4814,100849.5
1646458200,1.473,1.4797,1.4777,1.4735,101521.0
1646457300,1.4677,1.48,1.4698,1.4771,158622.9
1646456400,1.4654,1.4731,1.4687000000000001,1.4692,90165.1
1646455500,1.4626000000000001,1.4702,1.4697,1.469,144845.8
1646454600,1.4599,1.4725000000000001,1.4664000000000001,1.4684,187836.7
1646453700,1.4659,1.4708,1.4698,1.4666000000000001,64276.4
1646452800,1.4671,1.4779,1.4754,1.4696,189340.4
1646451900,1.4731,1.4808,1.4802,1.475,90752.3
1646451000,1.4726,1.4839,1.4743,1.4801,400539.5
1646450100,1.4636,1.475,1.4636,1.4743,278281.4
1646449200,1.4601,1.4674,1.4626000000000001,1.4636,235840.9
1646448300,1.4597,1.4666000000000001,1.4597,1.4623,87216.3
1646447400,1.459,1.4642,1.4611,1.4597,83664.0
1646446500,1.4584000000000001,1.4664000000000001,1.466,1.461,131496.6
1646445600,1.4569,1.4664000000000001,1.4589,1.4661,112475.3
1646444700,1.4563000000000001,1.4617,1.4584000000000001,1.4586999999999999,97874.1
1646443800,1.448,1.4606,1.4583,1.4586999999999999,361603.3
1646442900,1.4512,1.4681,1.4672,1.458,215880.4
1646442000,1.4485000000000001,1.4684,1.4527,1.4679,435186.3
1646441100,1.452,1.4599,1.4536,1.4528,199327.3
1646440200,1.4524,1.4643000000000002,1.4639,1.4532,306169.5
1646439300,1.4585,1.4674,1.465,1.464,220462.4
1646438400,1.4606,1.4782,1.478,1.4653,323761.0
1646437500,1.4707,1.4813,1.4813,1.4778,144855.6
1646436600,1.476,1.4821,1.4775,1.482,118720.3
1646435700,1.4703,1.4799,1.4743,1.4775,126182.2
1646434800,1.4736,1.4806,1.4782,1.4749,98772.1
1646433900,1.4687000000000001,1.4811,1.4752,1.4784000000000002,143420.3
1646433000,1.4525000000000001,1.4764,1.4555,1.4754,434540.5
1646432100,1.455,1.4764,1.4741,1.455,883169.2
1646431200,1.4721,1.4845000000000002,1.4786000000000001,1.4735,324910.5
1646430300,1.4775,1.4876,1.4868999999999999,1.4789,162012.4
1646429400,1.4761,1.4901,1.4821,1.4872,242695.9
1646428500,1.4777,1.4857,1.482,1.4814,251955.3
1646427600,1.4786000000000001,1.4902,1.4868000000000001,1.4818,290466.3
1646426700,1.4788000000000001,1.4936,1.4812,1.4866000000000001,624607.0
1646425800,1.474,1.4866000000000001,1.482,1.4825,352661.3
1646424900,1.4655,1.4823,1.4769,1.4822,785101.9
1646424000,1.4714,1.4887000000000001,1.4836,1.4765000000000001,646491.2
1646423100,1.4796,1.4935,1.4898,1.4836,597791.1
1646422200,1.4878,1.5032999999999999,1.4973,1.4891,315870.1
1646421300,1.487,1.5022,1.4939,1.4979,388112.0
1646420400,1.4921,1.5138,1.5116,1.4936,706264.1
1646419500,1.5097,1.5156,1.5109,1.5116,162014.1
1646418600,1.5084,1.5178,1.5145,1.5110000000000001,207304.3
1646417700,1.5125000000000002,1.5224,1.5198,1.5147,233769.1
1646416800,1.5190000000000001,1.5269,1.5211999999999999,1.5194,295768.5
1646415900,1.5121,1.5229,1.5124,1.5211000000000001,223411.8
1646415000,1.5119,1.5267,1.5225,1.5127000000000002,388529.9
1646414100,1.5184,1.5283,1.5252,1.5225,316954.0
1646413200,1.5069,1.5259,1.5127000000000002,1.5257,281618.8
1646412300,1.5117,1.5197,1.5136,1.5128,229799.3
1646411400,1.4978,1.5137,1.5066000000000002,1.5137,436530.9
1646410500,1.5006,1.5097,1.5065,1.5070000000000001,215791.9
1646409600,1.4974,1.516,1.5133,1.5055,827821.7
1646408700,1.5125000000000002,1.5213,1.5173,1.5129000000000001,289657.8
1646407800,1.5156,1.528,1.5235,1.5169000000000001,318072.4
1646406900,1.5093,1.5286,1.5192999999999999,1.5237,667516.9
1646406000,1.5163,1.5392000000000001,1.5333999999999999,1.5190000000000001,301781.2
1646405100,1.5110000000000001,1.5348000000000002,1.5266000000000002,1.5336,794192.7
1646404200,1.524,1.541,1.5333999999999999,1.5264,354002.4
1646403300,1.5185,1.5412,1.5312999999999999,1.5328,375210.4
1646402400,1.5278,1.5447000000000002,1.5411000000000001,1.5316,257601.6
1646401500,1.536,1.5492,1.5457,1.5411000000000001,185703.1
1646400600,1.5394999999999999,1.5632000000000001,1.5504,1.5468000000000002,352448.7
1646399700,1.5386000000000002,1.5508000000000002,1.5389,1.5497,134569.0
1646398800,1.537,1.5488,1.5464,1.5385,306885.3
1646397900,1.5406,1.556,1.5537,1.5463,210284.6
1646397000,1.5396,1.5564,1.545,1.5529000000000002,182008.8
1646396100,1.5423,1.5574,1.5538,1.5438,269679.7
1646395200,1.55,1.5615,1.5562,1.5534,135001.4
1646394300,1.5539,1.5658,1.5567,1.5553,208622.9
1646393400,1.5548000000000002,1.5598,1.5571000000000002,1.5568,200526.1
1646392500,1.5505,1.5575,1.5533000000000001,1.5575,88735.1
1646391600,1.5486,1.5561,1.5521,1.553,65719.9
1646390700,1.5512000000000001,1.5571000000000002,1.5558,1.5521,81323.2
1646389800,1.552,1.5575,1.5546,1.5558,136972.2
1646388900,1.5477,1.5553,1.5532,1.5542,179781.1
1646388000,1.5430000000000001,1.5533000000000001,1.5445,1.5532,108400.4
1646387100,1.5419,1.5506,1.5486,1.5447000000000002,124065.0
1646386200,1.5463,1.5526,1.5506,1.5482,136113.7
1646385300,1.5350000000000001,1.5513,1.5425,1.55,217709.5
1646384400,1.5425,1.5533000000000001,1.5483,1.5431,189834.1
1646383500,1.5388000000000002,1.5484,1.5429,1.5483,197378.1
1646382600,1.5177,1.5436,1.5338,1.5436,519452.9
1646381700,1.5333,1.549,1.548,1.5344,196694.2
1646380800,1.5390000000000001,1.5524,1.5399,1.5493000000000001,222367.6
1646379900,1.5319,1.5402,1.5328,1.5402,134307.4
1646379000,1.532,1.5375,1.5361,1.5325,102225.7
1646378100,1.5321,1.54,1.5356,1.5358,115486.1
1646377200,1.5337,1.5442,1.5388000000000002,1.536,162335.0
1646376300,1.5317,1.5394999999999999,1.5346000000000002,1.5388000000000002,111820.6
1646375400,1.5333,1.5429,1.5390000000000001,1.5345,339805.7
1646374500,1.5352000000000001,1.5413000000000001,1.54,1.5384,143073.1
1646373600,1.5336,1.5413000000000001,1.5348000000000002,1.5399,353724.4
1646372700,1.5268000000000002,1.5350000000000001,1.5291000000000001,1.5346000000000002,141823.6
1646371800,1.5291000000000001,1.5359,1.5325,1.5293999999999999,170812.9
1646370900,1.5311,1.5392000000000001,1.538,1.533,151410.2
1646370000,1.5344,1.5391,1.5381,1.5378,164464.8
1646369100,1.5321,1.5393,1.5321,1.5371000000000001,121314.7
1646368200,1.5211000000000001,1.5314999999999999,1.5255,1.5314999999999999,138344.2
1646367300,1.5238,1.533,1.5308000000000002,1.5251000000000001,223042.4
1646366400,1.5277,1.5354999999999999,1.5349,1.5309,237023.9
1646365500,1.5281,1.537,1.5296,1.5352999999999999,203764.2
1646364600,1.5232,1.5316,1.5299,1.5299,238745.6
1646363700,1.5175,1.5357,1.528,1.5299,308363.4
1646362800,1.528,1.5366,1.5322,1.5287000000000002,194252.7
1646361900,1.5314,1.5396,1.5377,1.5325,167272.5
1646361000,1.5284,1.5403,1.5296,1.5373,219518.0
1646360100,1.5238,1.5299,1.5291000000000001,1.5295,205433.0
1646359200,1.5268000000000002,1.5361,1.5341,1.5295,689765.6
1646358300,1.516,1.536,1.5255,1.5342,647720.1
1646357400,1.5176,1.5279,1.5268000000000002,1.5256,553663.8
1646356500,1.5144000000000002,1.5323,1.5211000000000001,1.5266000000000002,792905.7
1646355600,1.5102,1.5358,1.5302,1.5228000000000002,966103.9
1646354700,1.5224,1.557,1.557,1.5296,1561069.4
1646353800,1.5553,1.573,1.5647,1.557,380817.1
1646352900,1.5602,1.5686,1.5662,1.5653000000000001,298832.0
1646352000,1.5648,1.5878,1.5854,1.5669,755490.9
1646351100,1.5809000000000002,1.5903,1.5902,1.5856,182413.0
1646350200,1.5847,1.5939,1.5925,1.5899999999999999,193141.3
1646349300,1.5871,1.6,1.5889,1.5923,601421.5
1646348400,1.5781,1.5886,1.5829,1.5885,140220.2
1646347500,1.5814,1.5893000000000002,1.5892,1.5826,120233.0
1646346600,1.5849,1.5899999999999999,1.5895000000000001,1.5892,123843.2
1646345700,1.5803,1.5899999999999999,1.5819,1.5896,160029.3
1646344800,1.5681,1.5897000000000001,1.5681,1.5822,396193.6
1646343900,1.5579,1.5713,1.5642,1.569,175112.0
1646343000,1.5605,1.5679,1.5679,1.5639,169332.5
1646342100,1.5645,1.5697999999999999,1.5672000000000001,1.5682,244210.9
1646341200,1.5533000000000001,1.5674000000000001,1.56,1.5671,273106.1
1646340300,1.5527000000000002,1.5632000000000001,1.5621,1.5598,419788.2
1646339400,1.5549,1.5725,1.5719,1.5612,250893.8
1646338500,1.5592000000000001,1.5728,1.5596999999999999,1.5719,271989.1
1646337600,1.5534,1.5673,1.5612,1.5602,222909.6
1646336700,1.5531000000000001,1.5624,1.5611000000000002,1.5612,231976.9
1646335800,1.5605,1.5685,1.5685,1.5614,213875.0
1646334900,1.5632000000000001,1.5707,1.5654,1.5686,200534.8
1646334000,1.5588000000000002,1.5672000000000001,1.5608,1.5657,292218.9
1646333100,1.554,1.5662,1.5573000000000001,1.5608,425425.3
1646332200,1.5528,1.5636999999999999,1.5636999999999999,1.5574,449962.3
1646331300,1.562,1.5682,1.5661,1.5639,557366.5
1646330400,1.5589,1.5699,1.5625,1.5661,1003214.2
1646329500,1.5575,1.5676,1.5641,1.5625,605532.8
1646328600,1.5443,1.569,1.5477,1.564,1111390.9
1646327700,1.5416,1.5682,1.5669,1.5473,1272381.5
1646326800,1.5581,1.5710000000000002,1.5649000000000002,1.5668000000000002,453837.7
1646325900,1.5619,1.5732,1.5694,1.5658,401854.8
1646325000,1.566,1.5829,1.5806,1.5695000000000001,382413.9
1646324100,1.562,1.5836999999999999,1.5627,1.5815000000000001,336077.3
1646323200,1.5575,1.5769000000000002,1.5728,1.5632000000000001,543530.9
1646322300,1.56,1.5819999999999999,1.5655999999999999,1.573,755633.2
1646321400,1.562,1.5947,1.5917,1.5657,1125683.9
1646320500,1.5847,1.5967,1.5967,1.593,590304.0
1646319600,1.593,1.616,1.6127,1.597,463388.7
1646318700,1.6038999999999999,1.6229,1.6159,1.6126,406563.2
1646317800,1.6133000000000002,1.6378,1.6323,1.6155,705421.8
1646316900,1.6275,1.6352,1.6328,1.6320000000000001,183513.9
1646316000,1.6303,1.6444,1.6355,1.6322,495917.6
1646315100,1.6246,1.6359,1.6303,1.6352,250251.5
1646314200,1.6240999999999999,1.6328,1.6249,1.6308,330242.7
1646313300,1.6192000000000002,1.6278000000000001,1.6231,1.6256,348289.7
1646312400,1.6147,1.6234000000000002,1.6185,1.623,144336.8
1646311500,1.6126,1.6205,1.6139999999999999,1.6176,142089.9
1646310600,1.6142,1.6221999999999999,1.6218,1.6142,107415.3
1646309700,1.6109,1.6233,1.6109,1.6221999999999999,191088.7
1646308800,1.6034000000000002,1.6148,1.6065,1.6105,156873.9
1646307900,1.6045,1.6139000000000001,1.6139000000000001,1.6059,100617.6
1646307000,1.6122,1.6214,1.6184,1.6135000000000002,121593.8
1646306100,1.6085,1.6215000000000002,1.6105,1.6187,113628.9
1646305200,1.6042,1.6136,1.6102,1.6104,113527.3
1646304300,1.601,1.6155,1.601,1.6105,155797.1
1646303400,1.5926,1.6049,1.6002,1.6009,134452.9
1646302500,1.597,1.6061,1.597,1.6009,129064.5
1646301600,1.5927,1.6013000000000002,1.5973000000000002,1.597,150721.3
1646300700,1.5933000000000002,1.6037,1.6004,1.5971000000000002,210174.1
1646299800,1.591,1.6038999999999999,1.5972,1.5998,213247.9
1646298900,1.5954000000000002,1.6015000000000001,1.6011000000000002,1.5977000000000001,201950.3
1646298000,1.5982,1.6099,1.6092,1.6011000000000002,114542.1
1646297100,1.6055000000000001,1.6156000000000001,1.6126,1.6089,143204.3
1646296200,1.6066,1.619,1.6178,1.6123,217018.0
1646295300,1.6172,1.6271,1.6263,1.6173000000000002,145063.3
1646294400,1.6151,1.6258,1.6181,1.6257000000000001,184583.1
1646293500,1.6111,1.6195,1.6149,1.6176,133110.2
1646292600,1.613,1.6244,1.6196000000000002,1.6152000000000002,156600.1
1646291700,1.6115,1.6223,1.6205,1.6194000000000002,222143.7
1646290800,1.6125,1.6275,1.6125,1.6192000000000002,373598.3
1646289900,1.6078000000000001,1.6143,1.6095000000000002,1.6129,279184.1
1646289000,1.5964,1.611,1.5995,1.6093000000000002,222854.2
1646288100,1.5885,1.6004,1.5915,1.5993,553089.4
1646287200,1.5825,1.6135000000000002,1.6089,1.5907,576366.2
1646286300,1.6068,1.6134,1.6099,1.6094,169903.2
1646285400,1.6047,1.6122,1.6097000000000001,1.6099999999999999,163104.9
1646284500,1.6064,1.6141,1.6095000000000002,1.6097000000000001,157923.3
1646283600,1.6021,1.6103,1.6045,1.6097000000000001,256637.5
1646282700,1.5956000000000001,1.6052,1.6046,1.6047,582781.2
1646281800,1.6031,1.6154000000000002,1.6137000000000001,1.6044,430864.4
1646280900,1.6073,1.6177000000000001,1.6113,1.6139000000000001,760496.0
1646280000,1.6078000000000001,1.6178,1.6096,1.6107,266730.5
1646279100,1.6029,1.6162,1.6104,1.6104,559160.8
1646278200,1.605,1.6197,1.6188,1.6103,731487.1
1646277300,1.6164,1.6219999999999999,1.6192000000000002,1.6182,395501.8
1646276400,1.6145,1.6255000000000002,1.6243,1.6192000000000002,222050.9
1646275500,1.6169,1.6254,1.6194000000000002,1.6243,193750.8
1646274600,1.6089,1.624,1.624,1.6192000000000002,685858.8
1646273700,1.6158000000000001,1.6277,1.6177000000000001,1.6242,219757.6
1646272800,1.6145,1.637,1.6345,1.6188,766150.3
1646271900,1.6269,1.6371,1.6322,1.6344,232800.3
1646271000,1.6307,1.6463,1.6406,1.6328,240019.1
1646270100,1.6280000000000001,1.6418,1.6280000000000001,1.6400000000000001,227256.2
1646269200,1.6258,1.6488,1.6472,1.6284,446577.4
1646268300,1.6447,1.6513,1.6447,1.6471,155857.1
1646267400,1.6425,1.6521,1.6431,1.6458,145003.1
1646266500,1.6264,1.643,1.6264,1.643,255942.3
1646265600,1.6248,1.6434000000000002,1.6372,1.627,260408.6
1646264700,1.6296,1.6388,1.6338,1.6367,276310.3
1646263800,1.6326,1.6446,1.6423,1.6341999999999999,241493.7
1646262900,1.6409,1.65,1.6435,1.6409,177135.8
1646262000,1.6396000000000002,1.6478000000000002,1.6478000000000002,1.6432,175243.8
1646261100,1.6473,1.6535000000000002,1.6535000000000002,1.6479,102954.5
